row,hits,n,prodf
"1",58,2,0.002
"2",59,1,0.001
"3",60,1,0.001
"4",62,2,0.002
"5",63,2,0.002
"6",64,3,0.003
"7",65,6,0.006
"8",66,3,0.003
"9",67,2,0.002
"10",68,9,0.009
"11",69,4,0.004
"12",70,6,0.006
"13",71,6,0.006
"14",72,6,0.006
"15",73,2,0.002
"16",74,6,0.006
"17",75,5,0.005
"18",76,8,0.008
"19",77,8,0.008
"20",78,7,0.007
"21",79,4,0.004
"22",80,8,0.008
"23",81,9,0.009
"24",82,6,0.006
"25",83,11,0.011
"26",84,2,0.002
"27",85,8,0.008
"28",86,5,0.005
"29",87,19,0.019
"30",88,16,0.016
"31",89,10,0.01
"32",90,10,0.01
"33",91,6,0.006
"34",92,8,0.008
"35",93,3,0.003
"36",94,10,0.01
"37",95,5,0.005
"38",96,10,0.01
"39",97,12,0.012
"40",98,10,0.01
"41",99,11,0.011
"42",100,7,0.007
"43",101,8,0.008
"44",102,11,0.011
"45",103,8,0.008
"46",104,3,0.003
"47",105,8,0.008
"48",106,10,0.01
"49",107,14,0.014
"50",108,5,0.005
"51",109,8,0.008
"52",110,9,0.009
"53",111,7,0.007
"54",112,4,0.004
"55",113,6,0.006
"56",114,7,0.007
"57",115,5,0.005
"58",116,6,0.006
"59",117,10,0.01
"60",118,3,0.003
"61",119,2,0.002
"62",120,4,0.004
"63",121,4,0.004
"64",122,7,0.007
"65",123,5,0.005
"66",124,4,0.004
"67",125,5,0.005
"68",126,6,0.006
"69",127,5,0.005
"70",128,7,0.007
"71",129,1,0.001
"72",130,5,0.005
"73",131,10,0.01
"74",132,8,0.008
"75",133,4,0.004
"76",134,6,0.006
"77",135,4,0.004
"78",136,2,0.002
"79",137,7,0.007
"80",138,9,0.009
"81",139,3,0.003
"82",140,4,0.004
"83",141,10,0.01
"84",142,2,0.002
"85",143,4,0.004
"86",144,4,0.004
"87",145,2,0.002
"88",146,7,0.007
"89",147,7,0.007
"90",148,5,0.005
"91",149,3,0.003
"92",150,4,0.004
"93",151,3,0.003
"94",152,2,0.002
"95",153,4,0.004
"96",154,1,0.001
"97",155,3,0.003
"98",156,1,0.001
"99",157,3,0.003
"100",158,2,0.002
"101",159,5,0.005
"102",160,6,0.006
"103",161,5,0.005
"104",162,4,0.004
"105",163,1,0.001
"106",164,3,0.003
"107",165,7,0.007
"108",166,4,0.004
"109",167,3,0.003
"110",168,2,0.002
"111",169,3,0.003
"112",170,5,0.005
"113",171,3,0.003
"114",172,7,0.007
"115",173,4,0.004
"116",174,4,0.004
"117",175,3,0.003
"118",176,5,0.005
"119",177,6,0.006
"120",178,3,0.003
"121",179,4,0.004
"122",181,9,0.009
"123",182,3,0.003
"124",183,2,0.002
"125",184,3,0.003
"126",185,3,0.003
"127",187,3,0.003
"128",188,7,0.007
"129",189,3,0.003
"130",190,2,0.002
"131",191,7,0.007
"132",192,4,0.004
"133",193,2,0.002
"134",194,2,0.002
"135",195,2,0.002
"136",196,1,0.001
"137",197,5,0.005
"138",198,1,0.001
"139",199,3,0.003
"140",200,1,0.001
"141",201,2,0.002
"142",202,4,0.004
"143",203,1,0.001
"144",205,3,0.003
"145",206,1,0.001
"146",207,2,0.002
"147",208,4,0.004
"148",209,1,0.001
"149",210,1,0.001
"150",211,2,0.002
"151",212,2,0.002
"152",213,2,0.002
"153",215,2,0.002
"154",216,2,0.002
"155",217,3,0.003
"156",218,2,0.002
"157",219,1,0.001
"158",220,2,0.002
"159",221,2,0.002
"160",222,2,0.002
"161",223,2,0.002
"162",225,2,0.002
"163",226,2,0.002
"164",227,1,0.001
"165",228,1,0.001
"166",229,2,0.002
"167",231,4,0.004
"168",232,3,0.003
"169",233,2,0.002
"170",234,1,0.001
"171",235,4,0.004
"172",237,1,0.001
"173",238,1,0.001
"174",239,3,0.003
"175",240,1,0.001
"176",241,2,0.002
"177",242,2,0.002
"178",246,1,0.001
"179",247,2,0.002
"180",248,1,0.001
"181",249,1,0.001
"182",251,2,0.002
"183",253,1,0.001
"184",254,1,0.001
"185",255,2,0.002
"186",256,2,0.002
"187",262,1,0.001
"188",266,3,0.003
"189",268,1,0.001
"190",269,2,0.002
"191",270,2,0.002
"192",273,3,0.003
"193",275,1,0.001
"194",276,1,0.001
"195",277,1,0.001
"196",278,2,0.002
"197",280,2,0.002
"198",281,1,0.001
"199",283,2,0.002
"200",284,1,0.001
"201",285,1,0.001
"202",287,3,0.003
"203",288,1,0.001
"204",289,2,0.002
"205",290,2,0.002
"206",293,2,0.002
"207",295,1,0.001
"208",298,1,0.001
"209",300,1,0.001
"210",306,2,0.002
"211",307,1,0.001
"212",309,1,0.001
"213",314,1,0.001
"214",316,1,0.001
"215",327,3,0.003
"216",328,1,0.001
"217",329,1,0.001
"218",330,1,0.001
"219",331,1,0.001
"220",333,1,0.001
"221",334,1,0.001
"222",336,2,0.002
"223",340,1,0.001
"224",341,1,0.001
"225",342,2,0.002
"226",344,1,0.001
"227",346,1,0.001
"228",349,1,0.001
"229",351,2,0.002
"230",353,1,0.001
"231",354,1,0.001
"232",362,1,0.001
"233",371,1,0.001
"234",376,1,0.001
"235",380,1,0.001
"236",383,1,0.001
"237",384,2,0.002
"238",385,2,0.002
"239",386,1,0.001
"240",390,2,0.002
"241",391,2,0.002
"242",392,1,0.001
"243",395,1,0.001
"244",397,1,0.001
"245",398,2,0.002
"246",400,1,0.001
"247",402,1,0.001
"248",405,1,0.001
"249",408,1,0.001
"250",409,1,0.001
"251",411,1,0.001
"252",414,1,0.001
"253",418,1,0.001
"254",423,1,0.001
"255",431,2,0.002
"256",433,1,0.001
"257",434,2,0.002
"258",447,1,0.001
"259",450,1,0.001
"260",454,1,0.001
"261",458,1,0.001
"262",469,1,0.001
"263",472,1,0.001
"264",475,1,0.001
"265",476,1,0.001
"266",481,2,0.002
"267",483,1,0.001
"268",484,1,0.001
"269",486,1,0.001
"270",504,1,0.001
"271",516,1,0.001
"272",517,1,0.001
"273",534,1,0.001
"274",536,1,0.001
"275",539,1,0.001
"276",540,1,0.001
"277",547,1,0.001
"278",549,1,0.001
"279",553,1,0.001
"280",562,1,0.001
"281",565,1,0.001
"282",569,1,0.001
"283",583,1,0.001
"284",586,1,0.001
"285",590,1,0.001
"286",595,2,0.002
"287",599,1,0.001
"288",613,1,0.001
"289",644,1,0.001
"290",650,1,0.001
"291",654,2,0.002
"292",659,1,0.001
"293",670,1,0.001
"294",680,1,0.001
"295",688,1,0.001
"296",763,1,0.001
"297",775,2,0.002
"298",787,1,0.001
"299",804,1,0.001
"300",816,1,0.001
"301",817,1,0.001
"302",827,2,0.002
"303",864,1,0.001
"304",869,1,0.001
"305",927,1,0.001
"306",955,1,0.001
"307",960,1,0.001
"308",981,1,0.001
"309",988,1,0.001
"310",1019,1,0.001
"311",1026,1,0.001
"312",1031,1,0.001
"313",1042,1,0.001
"314",1051,1,0.001
"315",1097,1,0.001
"316",1132,1,0.001
"317",1266,1,0.001
"318",1285,1,0.001
"319",1290,1,0.001
"320",1293,1,0.001
"321",1366,1,0.001
"322",1433,1,0.001
"323",1811,1,0.001
"324",2085,1,0.001
"325",2644,1,0.001
"326",3186,1,0.001
